4294967279,305
4294967279,304
6,1033
6,1032
6,1031
6,1030
6,1029
6,1028
6,1027
6,1026
6,1025
6,1024
6,1023
6,1022
6,1021
6,1020
6,1019
6,1018
6,1017
6,1016
6,1015
6,1014
6,1013
6,1012
6,1011
6,1010
6,1009
6,1008
6,1007
6,1006
6,1005
6,1004
6,1003
6,1002
6,1001
6,1000
6,999
6,998
6,997
6,996
6,995
6,994
6,993
6,992
6,991
6,990
6,989
6,988
6,987
6,986
6,985
6,984
6,983
6,982
6,981
6,980
6,979
6,978
6,977
6,976
6,975
6,974
6,973
6,972
6,971
6,970
6,969
6,968
6,967
6,966
6,965
6,964
6,963
6,962
6,961
6,960
6,959
6,958
6,957
6,956
6,955
6,954
6,953
6,952
6,951
6,950
6,949
6,948
6,947
6,946
6,945
6,944
6,943
6,942
6,941
6,940
6,939
6,938
6,937
6,936
6,935
6,934
6,933
6,932
6,931
6,930
6,929
6,928
6,927
6,926
6,925
6,924
6,923
6,922
6,921
6,920
6,919
6,918
6,917
6,916
6,915
6,914
6,913
6,912
6,911
6,910
6,909
6,908
6,907
6,906
6,905
6,904
6,903
6,902
6,901
6,900
6,899
6,898
6,897
6,896
6,895
6,894
6,893
6,892
6,891
6,890
6,889
6,888
6,887
6,886
6,885
6,884
6,883
6,882
6,881
6,880
6,879
6,878
6,877
6,876
6,875
6,874
6,873
6,872
6,871
6,870
6,869
6,868
6,867
6,866
6,865
6,864
6,863
6,862
6,861
6,860
6,859
6,858
6,857
6,856
6,855
6,854
6,853
6,852
6,851
6,850
6,849
6,848
6,847
6,846
6,845
6,844
6,843
6,842
6,841
6,840
6,839
6,838
6,837
6,836
6,835
6,834
6,833
6,832
6,831
6,830
6,829
6,828
6,827
6,826
6,825
6,824
6,823
6,822
6,821
6,820
6,819
6,818
6,817
6,816
6,815
6,814
6,813
6,812
6,811
6,810
6,809
6,808
6,807
6,806
6,805
6,804
6,803
6,802
6,801
6,800
6,799
6,798
6,797
6,796
6,795
6,794
6,793
6,792
6,791
6,790
6,789
6,788
6,787
6,786
6,785
6,784
6,783
6,782
6,781
6,780
6,779
6,778
6,777
6,776
6,775
6,774
6,773
6,772
6,771
6,770
6,769
6,768
6,767
6,766
6,765
6,764
6,763
6,762
6,761
6,760
6,759
6,758
6,757
6,756
6,755
6,754
6,753
6,752
6,751
6,750
6,749
6,748
6,747
6,746
6,745
6,744
6,743
6,742
6,741
6,740
6,739
6,738
6,737
6,736
6,735
6,734
6,733
6,732
6,731
6,730
6,729
6,728
6,727
6,726
6,725
6,724
6,723
6,722
6,721
6,720
6,719
6,718
6,717
6,716
6,715
6,714
6,713
6,712
6,711
6,710
6,709
6,708
6,707
6,706
6,705
6,704
6,703
6,702
6,701
6,700
6,699
6,698
6,697
6,696
6,695
6,694
6,693
6,692
6,691
6,690
6,689
6,688
6,687
6,686
6,685
6,684
6,683
6,682
6,681
6,680
6,679
6,678
6,677
6,676
6,675
6,674
6,673
6,672
6,671
6,670
6,669
6,668
6,667
6,666
6,665
6,664
6,663
6,662
6,661
6,660
6,659
6,658
6,657
6,656
6,655
6,654
6,653
6,652
6,651
6,650
6,649
6,648
6,647
6,646
6,645
6,644
6,643
6,642
6,641
6,640
6,639
6,638
6,637
6,636
6,635
6,634
6,633
6,632
6,631
6,630
6,629
6,628
6,627
6,626
6,625
6,624
6,623
6,622
6,621
6,620
6,619
6,618
6,617
6,616
6,615
6,614
6,613
6,612
6,611
6,610
6,609
6,608
6,607
6,606
6,605
6,604
6,603
6,602
6,601
6,600
6,599
6,598
6,597
6,596
6,595
6,594
6,593
6,592
6,591
6,590
6,589
6,588
6,587
6,586
6,585
6,584
6,583
6,582
6,581
6,580
6,579
6,578
6,577
6,576
6,575
6,574
6,573
6,572
6,571
6,570
6,569
6,568
6,567
6,566
6,565
6,564
6,563
6,562
6,561
6,560
6,559
6,558
6,557
6,556
6,555
6,554
6,553
6,552
6,551
6,550
6,549
6,548
6,547
6,546
6,545
6,544
6,543
6,542
6,541
6,540
6,539
6,538
6,537
6,536
6,535
6,534
6,533
6,532
6,531
6,530
6,529
6,528
6,527
6,526
6,525
6,524
6,523
6,522
6,521
6,520
6,519
6,518
6,517
6,516
6,515
6,514
6,513
6,512
6,511
6,510
6,509
6,508
6,507
6,506
6,505
6,504
6,503
6,502
6,501
6,500
6,499
6,498
6,497
6,496
6,495
6,494
6,493
6,492
6,491
6,490
6,489
6,488
6,487
6,486
6,485
6,484
6,483
6,482
6,481
6,480
6,479
6,478
6,477
6,476
6,475
6,474
6,473
6,472
6,471
6,470
6,469
6,468
6,467
6,466
6,465
6,464
6,463
6,462
6,461
6,460
6,459
6,458
6,457
6,456
6,455
6,454
6,453
6,452
6,451
6,450
6,449
6,448
6,447
6,446
6,445
6,444
6,443
6,442
6,441
6,440
6,439
6,438
6,437
6,436
6,435
6,434
6,433
6,432
6,431
6,430
6,429
6,428
6,427
6,426
6,425
6,424
6,423
6,422
6,421
6,420
6,419
6,418
6,417
6,416
6,415
6,414
6,413
6,412
6,411
6,410
6,409
6,408
6,407
6,406
6,405
6,404
6,403
6,402
6,401
6,400
6,399
6,398
6,397
6,396
6,395
6,394
6,393
6,392
6,391
6,390
6,389
6,388
6,387
6,386
6,385
6,384
6,383
6,382
6,381
6,380
6,379
6,378
6,377
6,376
6,375
6,374
6,373
6,372
6,371
6,370
6,369
6,368
6,367
6,366
6,365
6,364
6,363
6,362
6,361
6,360
6,359
6,358
6,357
6,356
6,355
6,354
6,353
6,352
6,351
6,350
6,349
6,348
6,347
6,346
6,345
6,344
6,343
6,342
6,341
6,340
6,339
6,338
6,337
6,336
6,335
6,334
6,333
6,332
6,331
6,330
6,329
6,328
6,327
6,326
6,325
6,324
6,323
6,322
6,321
6,320
6,319
6,318
6,317
6,316
6,315
6,314
6,313
6,312
6,311
6,310
6,309
6,308
6,307
6,306
6,305
6,304
6,303
6,302
6,301
6,300
6,299
6,298
6,297
6,296
